price,volRemaining,typeID,range,orderID,volEntered,minVolume,bid,issueDate,duration,stationID,regionID,solarSystemID,jumps,
0.54,1337.0,77803,-1,2203472875,1337,1,False,2025-03-12 22:25:13.000,20,60000052,10000168,30023387,0,
0.54,1337.0,77803,-1,2203472825,1337,1,False,2025-03-12 22:25:13.000,20,60000002,10000168,30000004,2147483647,
0.54,1337.0,77803,-1,2203472826,1337,1,False,2025-03-12 22:25:13.000,20,60000003,10000168,30000005,2147483647,
0.54,1337.0,77803,-1,2203472827,1337,1,False,2025-03-12 22:25:13.000,20,60000004,10000168,30000008,2147483647,
0.54,1337.0,77803,-1,2203472828,1337,1,False,2025-03-12 22:25:13.000,20,60000005,10000168,30000009,2147483647,
0.54,1337.0,77803,-1,2203472829,1337,1,False,2025-03-12 22:25:13.000,20,60000006,10000168,30006132,2147483647,
0.54,1337.0,77803,-1,2203472830,1337,1,False,2025-03-12 22:25:13.000,20,60000007,10000168,30009450,2147483647,
0.54,1337.0,77803,-1,2203472831,1337,1,False,2025-03-12 22:25:13.000,20,60000008,10000168,30009604,2147483647,
0.54,1337.0,77803,-1,2203472832,1337,1,False,2025-03-12 22:25:13.000,20,60000009,10000168,30009748,2147483647,
0.54,1337.0,77803,-1,2203472833,1337,1,False,2025-03-12 22:25:13.000,20,60000010,10000168,30009827,2147483647,
0.54,1337.0,77803,-1,2203472834,1337,1,False,2025-03-12 22:25:13.000,20,60000011,10000168,30010058,2147483647,
0.54,1337.0,77803,-1,2203472835,1337,1,False,2025-03-12 22:25:13.000,20,60000012,10000168,30010447,2147483647,
0.54,1337.0,77803,-1,2203472836,1337,1,False,2025-03-12 22:25:13.000,20,60000013,10000168,30010597,2147483647,
0.54,1337.0,77803,-1,2203472837,1337,1,False,2025-03-12 22:25:13.000,20,60000014,10000168,30010690,2147483647,
0.54,1337.0,77803,-1,2203472838,1337,1,False,2025-03-12 22:25:13.000,20,60000015,10000168,30013484,2147483647,
0.54,1337.0,77803,-1,2203472839,1337,1,False,2025-03-12 22:25:13.000,20,60000016,10000168,30013685,2147483647,
0.54,1337.0,77803,-1,2203472840,1337,1,False,2025-03-12 22:25:13.000,20,60000017,10000168,30013774,2147483647,
0.54,1337.0,77803,-1,2203472841,1337,1,False,2025-03-12 22:25:13.000,20,60000018,10000168,30013856,2147483647,
0.54,1337.0,77803,-1,2203472842,1337,1,False,2025-03-12 22:25:13.000,20,60000019,10000168,30013927,2147483647,
0.54,1337.0,77803,-1,2203472843,1337,1,False,2025-03-12 22:25:13.000,20,60000020,10000168,30016541,2147483647,
0.54,1337.0,77803,-1,2203472844,1337,1,False,2025-03-12 22:25:13.000,20,60000021,10000168,30016963,2147483647,
0.54,1337.0,77803,-1,2203472845,1337,1,False,2025-03-12 22:25:13.000,20,60000022,10000168,30017132,2147483647,
0.54,1337.0,77803,-1,2203472846,1337,1,False,2025-03-12 22:25:13.000,20,60000023,10000168,30017403,2147483647,
0.54,1337.0,77803,-1,2203472847,1337,1,False,2025-03-12 22:25:13.000,20,60000024,10000168,30017452,2147483647,
0.54,1337.0,77803,-1,2203472848,1337,1,False,2025-03-12 22:25:13.000,20,60000025,10000168,30017637,2147483647,
0.54,1337.0,77803,-1,2203472849,1337,1,False,2025-03-12 22:25:13.000,20,60000026,10000168,30017723,2147483647,
0.54,1337.0,77803,-1,2203472850,1337,1,False,2025-03-12 22:25:13.000,20,60000027,10000168,30017995,2147483647,
0.54,1337.0,77803,-1,2203472851,1337,1,False,2025-03-12 22:25:13.000,20,60000028,10000168,30018105,2147483647,
0.54,1337.0,77803,-1,2203472852,1337,1,False,2025-03-12 22:25:13.000,20,60000029,10000168,30018231,2147483647,
0.54,1337.0,77803,-1,2203472853,1337,1,False,2025-03-12 22:25:13.000,20,60000030,10000168,30018358,2147483647,
0.54,1337.0,77803,-1,2203472854,1337,1,False,2025-03-12 22:25:13.000,20,60000031,10000168,30018774,2147483647,
0.54,1337.0,77803,-1,2203472855,1337,1,False,2025-03-12 22:25:13.000,20,60000032,10000168,30019914,2147483647,
0.54,1337.0,77803,-1,2203472856,1337,1,False,2025-03-12 22:25:13.000,20,60000033,10000168,30019945,2147483647,
0.54,1337.0,77803,-1,2203472857,1337,1,False,2025-03-12 22:25:13.000,20,60000034,10000168,30020072,2147483647,
0.54,1337.0,77803,-1,2203472858,1337,1,False,2025-03-12 22:25:13.000,20,60000035,10000168,30020288,2147483647,
0.54,1337.0,77803,-1,2203472859,1337,1,False,2025-03-12 22:25:13.000,20,60000036,10000168,30020505,2147483647,
0.54,1337.0,77803,-1,2203472860,1337,1,False,2025-03-12 22:25:13.000,20,60000037,10000168,30020628,2147483647,
0.54,1337.0,77803,-1,2203472861,1337,1,False,2025-03-12 22:25:13.000,20,60000038,10000168,30020720,2147483647,
0.54,1337.0,77803,-1,2203472862,1337,1,False,2025-03-12 22:25:13.000,20,60000039,10000168,30020805,2147483647,
0.54,1337.0,77803,-1,2203472863,1337,1,False,2025-03-12 22:25:13.000,20,60000040,10000168,30021042,2147483647,
0.54,1337.0,77803,-1,2203472864,1337,1,False,2025-03-12 22:25:13.000,20,60000041,10000168,30021148,2147483647,
0.54,1337.0,77803,-1,2203472865,1337,1,False,2025-03-12 22:25:13.000,20,60000042,10000168,30021558,2147483647,
0.54,1337.0,77803,-1,2203472866,1337,1,False,2025-03-12 22:25:13.000,20,60000043,10000168,30022001,2147483647,
0.54,1337.0,77803,-1,2203472867,1337,1,False,2025-03-12 22:25:13.000,20,60000044,10000168,30022226,2147483647,
0.54,1337.0,77803,-1,2203472868,1337,1,False,2025-03-12 22:25:13.000,20,60000045,10000168,30022664,2147483647,
0.54,1337.0,77803,-1,2203472869,1337,1,False,2025-03-12 22:25:13.000,20,60000046,10000168,30022911,2147483647,
0.54,1337.0,77803,-1,2203472870,1337,1,False,2025-03-12 22:25:13.000,20,60000047,10000168,30022999,2147483647,
0.54,1337.0,77803,-1,2203472871,1337,1,False,2025-03-12 22:25:13.000,20,60000048,10000168,30023043,2147483647,
0.54,1337.0,77803,-1,2203472872,1337,1,False,2025-03-12 22:25:13.000,20,60000049,10000168,30023131,2147483647,
0.54,1337.0,77803,-1,2203472873,1337,1,False,2025-03-12 22:25:13.000,20,60000050,10000168,30023271,2147483647,
0.54,1337.0,77803,-1,2203472874,1337,1,False,2025-03-12 22:25:13.000,20,60000051,10000168,30023327,2147483647,
0.54,1337.0,77803,-1,2203472876,1337,1,False,2025-03-12 22:25:13.000,20,60000053,10000168,30023454,2147483647,
0.54,1337.0,77803,-1,2203472877,1337,1,False,2025-03-12 22:25:13.000,20,60000054,10000168,30023508,2147483647,
0.54,1337.0,77803,-1,2203472878,1337,1,False,2025-03-12 22:25:13.000,20,60000055,10000168,30023957,2147483647,
0.59,25230.0,77803,32767,2203351111,25230,1,False,2025-03-12 15:40:52.000,1,60000052,10000168,30023387,0,
2.3,1374.0,77803,32767,2203175540,1374,1,False,2025-03-12 03:46:09.000,1,60000021,10000168,30016963,2147483647,
2.3,34260.0,77803,32767,2203175552,34260,1,False,2025-03-12 03:47:24.000,1,60000043,10000168,30022001,2147483647,
2.82,721.0,77803,32767,2203141428,721,1,False,2025-03-12 02:12:35.000,1,60000006,10000168,30006132,2147483647,
3.6,496.0,77803,32767,2201882351,496,1,False,2025-03-09 03:48:36.000,7,60000037,10000168,30020628,2147483647,
3.6,485.0,77803,32767,2203086175,485,1,False,2025-03-11 22:24:09.000,90,60000035,10000168,30020288,2147483647,
3.6,1337.0,77803,32767,2203086847,1337,1,False,2025-03-11 22:52:29.000,7,60000052,10000168,30023387,0,
3.62,34708.0,77803,32767,2202334713,34708,1,False,2025-03-10 03:07:47.000,7,60000011,10000168,30010058,2147483647,
4.66,23488.0,77803,32767,2201317618,23488,1,False,2025-03-07 22:19:44.000,90,60000024,10000168,30017452,2147483647,
4.91,25556.0,77803,32767,2201673825,27223,1,False,2025-03-08 17:08:32.000,90,60000014,10000168,30010690,2147483647,
5.33,1300.0,77803,32767,2201458804,1300,1,False,2025-03-08 06:18:21.000,90,60000014,10000168,30010690,2147483647,
5.33,8505.0,77803,32767,2201458805,8505,1,False,2025-03-08 06:18:21.000,90,60000014,10000168,30010690,2147483647,
5.4,6.0,77803,32767,2200987848,276,1,False,2025-03-06 23:59:27.000,7,60000025,10000168,30017637,2147483647,
5.62,127.0,77803,32767,2200817613,292,1,False,2025-03-06 21:24:56.000,90,60000052,10000168,30023387,0,
5.62,1884.0,77803,32767,2201210425,1884,1,False,2025-03-07 13:59:35.000,7,60000038,10000168,30020720,2147483647,
5.63,3534.0,77803,32767,2201210430,3534,1,False,2025-03-07 13:59:42.000,7,60000038,10000168,30020720,2147483647,
5.63,8300.0,77803,32767,2201210431,8300,1,False,2025-03-07 13:59:42.000,7,60000038,10000168,30020720,2147483647,
300.0,680.0,77803,32767,2201743514,680,1,False,2025-03-08 21:19:22.000,14,60000012,10000168,30010447,2147483647,
0.5,8663.0,77803,-1,2203454921,10000,1,True,2025-03-12 21:30:51.000,1,60000037,10000168,30020628,2147483647,
0.48,1000000.0,77803,-1,2203455962,1000000,1,True,2025-03-12 22:07:50.000,1,60000037,10000168,30020628,2147483647,
0.36,1337.0,77803,-1,2203472929,1337,1,True,2025-03-12 22:25:13.000,20,60000052,10000168,30023387,0,
0.36,1337.0,77803,-1,2203472879,1337,1,True,2025-03-12 22:25:13.000,20,60000002,10000168,30000004,2147483647,
0.36,1337.0,77803,-1,2203472880,1337,1,True,2025-03-12 22:25:13.000,20,60000003,10000168,30000005,2147483647,
0.36,1337.0,77803,-1,2203472881,1337,1,True,2025-03-12 22:25:13.000,20,60000004,10000168,30000008,2147483647,
0.36,1337.0,77803,-1,2203472882,1337,1,True,2025-03-12 22:25:13.000,20,60000005,10000168,30000009,2147483647,
0.36,1337.0,77803,-1,2203472883,1337,1,True,2025-03-12 22:25:13.000,20,60000006,10000168,30006132,2147483647,
0.36,1337.0,77803,-1,2203472884,1337,1,True,2025-03-12 22:25:13.000,20,60000007,10000168,30009450,2147483647,
0.36,1337.0,77803,-1,2203472885,1337,1,True,2025-03-12 22:25:13.000,20,60000008,10000168,30009604,2147483647,
0.36,1337.0,77803,-1,2203472886,1337,1,True,2025-03-12 22:25:13.000,20,60000009,10000168,30009748,2147483647,
0.36,1337.0,77803,-1,2203472887,1337,1,True,2025-03-12 22:25:13.000,20,60000010,10000168,30009827,2147483647,
0.36,1337.0,77803,-1,2203472888,1337,1,True,2025-03-12 22:25:13.000,20,60000011,10000168,30010058,2147483647,
0.36,1337.0,77803,-1,2203472889,1337,1,True,2025-03-12 22:25:13.000,20,60000012,10000168,30010447,2147483647,
0.36,1337.0,77803,-1,2203472890,1337,1,True,2025-03-12 22:25:13.000,20,60000013,10000168,30010597,2147483647,
0.36,1337.0,77803,-1,2203472891,1337,1,True,2025-03-12 22:25:13.000,20,60000014,10000168,30010690,2147483647,
0.36,1337.0,77803,-1,2203472892,1337,1,True,2025-03-12 22:25:13.000,20,60000015,10000168,30013484,2147483647,
0.36,1337.0,77803,-1,2203472893,1337,1,True,2025-03-12 22:25:13.000,20,60000016,10000168,30013685,2147483647,
0.36,1337.0,77803,-1,2203472894,1337,1,True,2025-03-12 22:25:13.000,20,60000017,10000168,30013774,2147483647,
0.36,1337.0,77803,-1,2203472895,1337,1,True,2025-03-12 22:25:13.000,20,60000018,10000168,30013856,2147483647,
0.36,1337.0,77803,-1,2203472896,1337,1,True,2025-03-12 22:25:13.000,20,60000019,10000168,30013927,2147483647,
0.36,1337.0,77803,-1,2203472897,1337,1,True,2025-03-12 22:25:13.000,20,60000020,10000168,30016541,2147483647,
0.36,1337.0,77803,-1,2203472898,1337,1,True,2025-03-12 22:25:13.000,20,60000021,10000168,30016963,2147483647,
0.36,1337.0,77803,-1,2203472899,1337,1,True,2025-03-12 22:25:13.000,20,60000022,10000168,30017132,2147483647,
0.36,1337.0,77803,-1,2203472900,1337,1,True,2025-03-12 22:25:13.000,20,60000023,10000168,30017403,2147483647,
0.36,1337.0,77803,-1,2203472901,1337,1,True,2025-03-12 22:25:13.000,20,60000024,10000168,30017452,2147483647,
0.36,1337.0,77803,-1,2203472902,1337,1,True,2025-03-12 22:25:13.000,20,60000025,10000168,30017637,2147483647,
0.36,1337.0,77803,-1,2203472903,1337,1,True,2025-03-12 22:25:13.000,20,60000026,10000168,30017723,2147483647,
0.36,1337.0,77803,-1,2203472904,1337,1,True,2025-03-12 22:25:13.000,20,60000027,10000168,30017995,2147483647,
0.36,1337.0,77803,-1,2203472905,1337,1,True,2025-03-12 22:25:13.000,20,60000028,10000168,30018105,2147483647,
0.36,1337.0,77803,-1,2203472906,1337,1,True,2025-03-12 22:25:13.000,20,60000029,10000168,30018231,2147483647,
0.36,1337.0,77803,-1,2203472907,1337,1,True,2025-03-12 22:25:13.000,20,60000030,10000168,30018358,2147483647,
0.36,1337.0,77803,-1,2203472908,1337,1,True,2025-03-12 22:25:13.000,20,60000031,10000168,30018774,2147483647,
0.36,1337.0,77803,-1,2203472909,1337,1,True,2025-03-12 22:25:13.000,20,60000032,10000168,30019914,2147483647,
0.36,1337.0,77803,-1,2203472910,1337,1,True,2025-03-12 22:25:13.000,20,60000033,10000168,30019945,2147483647,
0.36,1337.0,77803,-1,2203472911,1337,1,True,2025-03-12 22:25:13.000,20,60000034,10000168,30020072,2147483647,
0.36,1337.0,77803,-1,2203472912,1337,1,True,2025-03-12 22:25:13.000,20,60000035,10000168,30020288,2147483647,
0.36,1337.0,77803,-1,2203472913,1337,1,True,2025-03-12 22:25:13.000,20,60000036,10000168,30020505,2147483647,
0.36,1337.0,77803,-1,2203472914,1337,1,True,2025-03-12 22:25:13.000,20,60000037,10000168,30020628,2147483647,
0.36,1337.0,77803,-1,2203472915,1337,1,True,2025-03-12 22:25:13.000,20,60000038,10000168,30020720,2147483647,
0.36,1337.0,77803,-1,2203472916,1337,1,True,2025-03-12 22:25:13.000,20,60000039,10000168,30020805,2147483647,
0.36,1337.0,77803,-1,2203472917,1337,1,True,2025-03-12 22:25:13.000,20,60000040,10000168,30021042,2147483647,
0.36,1337.0,77803,-1,2203472918,1337,1,True,2025-03-12 22:25:13.000,20,60000041,10000168,30021148,2147483647,
0.36,1337.0,77803,-1,2203472919,1337,1,True,2025-03-12 22:25:13.000,20,60000042,10000168,30021558,2147483647,
0.36,1337.0,77803,-1,2203472920,1337,1,True,2025-03-12 22:25:13.000,20,60000043,10000168,30022001,2147483647,
0.36,1337.0,77803,-1,2203472921,1337,1,True,2025-03-12 22:25:13.000,20,60000044,10000168,30022226,2147483647,
0.36,1337.0,77803,-1,2203472922,1337,1,True,2025-03-12 22:25:13.000,20,60000045,10000168,30022664,2147483647,
0.36,1337.0,77803,-1,2203472923,1337,1,True,2025-03-12 22:25:13.000,20,60000046,10000168,30022911,2147483647,
0.36,1337.0,77803,-1,2203472924,1337,1,True,2025-03-12 22:25:13.000,20,60000047,10000168,30022999,2147483647,
0.36,1337.0,77803,-1,2203472925,1337,1,True,2025-03-12 22:25:13.000,20,60000048,10000168,30023043,2147483647,
0.36,1337.0,77803,-1,2203472926,1337,1,True,2025-03-12 22:25:13.000,20,60000049,10000168,30023131,2147483647,
0.36,1337.0,77803,-1,2203472927,1337,1,True,2025-03-12 22:25:13.000,20,60000050,10000168,30023271,2147483647,
0.36,1337.0,77803,-1,2203472928,1337,1,True,2025-03-12 22:25:13.000,20,60000051,10000168,30023327,2147483647,
0.36,1337.0,77803,-1,2203472930,1337,1,True,2025-03-12 22:25:13.000,20,60000053,10000168,30023454,2147483647,
0.36,1337.0,77803,-1,2203472931,1337,1,True,2025-03-12 22:25:13.000,20,60000054,10000168,30023508,2147483647,
0.36,1337.0,77803,-1,2203472932,1337,1,True,2025-03-12 22:25:13.000,20,60000055,10000168,30023957,2147483647,
0.21,9804341.0,77803,-1,2201539735,10000000,1,True,2025-03-08 10:20:16.000,90,60000017,10000168,30013774,2147483647,
