price,volRemaining,typeID,range,orderID,volEntered,minVolume,bid,issueDate,duration,stationID,regionID,solarSystemID,jumps,
88.72,1337.0,82149,-1,2203392063,1337,1,False,2025-03-12 18:10:20.000,20,60000052,10000168,30023387,0,
88.72,1337.0,82149,-1,2203392013,1337,1,False,2025-03-12 18:10:20.000,20,60000002,10000168,30000004,2147483647,
88.72,1337.0,82149,-1,2203392014,1337,1,False,2025-03-12 18:10:20.000,20,60000003,10000168,30000005,2147483647,
88.72,1337.0,82149,-1,2203392015,1337,1,False,2025-03-12 18:10:20.000,20,60000004,10000168,30000008,2147483647,
88.72,1337.0,82149,-1,2203392016,1337,1,False,2025-03-12 18:10:20.000,20,60000005,10000168,30000009,2147483647,
88.72,1337.0,82149,-1,2203392017,1337,1,False,2025-03-12 18:10:20.000,20,60000006,10000168,30006132,2147483647,
88.72,1337.0,82149,-1,2203392018,1337,1,False,2025-03-12 18:10:20.000,20,60000007,10000168,30009450,2147483647,
88.72,1337.0,82149,-1,2203392019,1337,1,False,2025-03-12 18:10:20.000,20,60000008,10000168,30009604,2147483647,
88.72,1337.0,82149,-1,2203392020,1337,1,False,2025-03-12 18:10:20.000,20,60000009,10000168,30009748,2147483647,
88.72,1337.0,82149,-1,2203392021,1337,1,False,2025-03-12 18:10:20.000,20,60000010,10000168,30009827,2147483647,
88.72,1337.0,82149,-1,2203392022,1337,1,False,2025-03-12 18:10:20.000,20,60000011,10000168,30010058,2147483647,
88.72,1337.0,82149,-1,2203392023,1337,1,False,2025-03-12 18:10:20.000,20,60000012,10000168,30010447,2147483647,
88.72,1337.0,82149,-1,2203392024,1337,1,False,2025-03-12 18:10:20.000,20,60000013,10000168,30010597,2147483647,
88.72,1337.0,82149,-1,2203392025,1337,1,False,2025-03-12 18:10:20.000,20,60000014,10000168,30010690,2147483647,
88.72,1337.0,82149,-1,2203392026,1337,1,False,2025-03-12 18:10:20.000,20,60000015,10000168,30013484,2147483647,
88.72,1337.0,82149,-1,2203392027,1337,1,False,2025-03-12 18:10:20.000,20,60000016,10000168,30013685,2147483647,
88.72,1337.0,82149,-1,2203392028,1337,1,False,2025-03-12 18:10:20.000,20,60000017,10000168,30013774,2147483647,
88.72,1337.0,82149,-1,2203392029,1337,1,False,2025-03-12 18:10:20.000,20,60000018,10000168,30013856,2147483647,
88.72,1337.0,82149,-1,2203392030,1337,1,False,2025-03-12 18:10:20.000,20,60000019,10000168,30013927,2147483647,
88.72,1337.0,82149,-1,2203392031,1337,1,False,2025-03-12 18:10:20.000,20,60000020,10000168,30016541,2147483647,
88.72,1337.0,82149,-1,2203392032,1337,1,False,2025-03-12 18:10:20.000,20,60000021,10000168,30016963,2147483647,
88.72,1337.0,82149,-1,2203392033,1337,1,False,2025-03-12 18:10:20.000,20,60000022,10000168,30017132,2147483647,
88.72,1337.0,82149,-1,2203392034,1337,1,False,2025-03-12 18:10:20.000,20,60000023,10000168,30017403,2147483647,
88.72,1337.0,82149,-1,2203392035,1337,1,False,2025-03-12 18:10:20.000,20,60000024,10000168,30017452,2147483647,
88.72,1337.0,82149,-1,2203392036,1337,1,False,2025-03-12 18:10:20.000,20,60000025,10000168,30017637,2147483647,
88.72,1337.0,82149,-1,2203392037,1337,1,False,2025-03-12 18:10:20.000,20,60000026,10000168,30017723,2147483647,
88.72,1337.0,82149,-1,2203392038,1337,1,False,2025-03-12 18:10:20.000,20,60000027,10000168,30017995,2147483647,
88.72,1337.0,82149,-1,2203392039,1337,1,False,2025-03-12 18:10:20.000,20,60000028,10000168,30018105,2147483647,
88.72,1337.0,82149,-1,2203392040,1337,1,False,2025-03-12 18:10:20.000,20,60000029,10000168,30018231,2147483647,
88.72,1337.0,82149,-1,2203392041,1337,1,False,2025-03-12 18:10:20.000,20,60000030,10000168,30018358,2147483647,
88.72,1337.0,82149,-1,2203392042,1337,1,False,2025-03-12 18:10:20.000,20,60000031,10000168,30018774,2147483647,
88.72,1337.0,82149,-1,2203392043,1337,1,False,2025-03-12 18:10:20.000,20,60000032,10000168,30019914,2147483647,
88.72,1337.0,82149,-1,2203392044,1337,1,False,2025-03-12 18:10:20.000,20,60000033,10000168,30019945,2147483647,
88.72,1337.0,82149,-1,2203392045,1337,1,False,2025-03-12 18:10:20.000,20,60000034,10000168,30020072,2147483647,
88.72,1337.0,82149,-1,2203392046,1337,1,False,2025-03-12 18:10:20.000,20,60000035,10000168,30020288,2147483647,
88.72,1337.0,82149,-1,2203392047,1337,1,False,2025-03-12 18:10:20.000,20,60000036,10000168,30020505,2147483647,
88.72,1337.0,82149,-1,2203392048,1337,1,False,2025-03-12 18:10:20.000,20,60000037,10000168,30020628,2147483647,
88.72,1337.0,82149,-1,2203392049,1337,1,False,2025-03-12 18:10:20.000,20,60000038,10000168,30020720,2147483647,
88.72,1337.0,82149,-1,2203392050,1337,1,False,2025-03-12 18:10:20.000,20,60000039,10000168,30020805,2147483647,
88.72,1337.0,82149,-1,2203392051,1337,1,False,2025-03-12 18:10:20.000,20,60000040,10000168,30021042,2147483647,
88.72,1337.0,82149,-1,2203392052,1337,1,False,2025-03-12 18:10:20.000,20,60000041,10000168,30021148,2147483647,
88.72,1337.0,82149,-1,2203392053,1337,1,False,2025-03-12 18:10:20.000,20,60000042,10000168,30021558,2147483647,
88.72,1337.0,82149,-1,2203392054,1337,1,False,2025-03-12 18:10:20.000,20,60000043,10000168,30022001,2147483647,
88.72,1337.0,82149,-1,2203392055,1337,1,False,2025-03-12 18:10:20.000,20,60000044,10000168,30022226,2147483647,
88.72,1337.0,82149,-1,2203392056,1337,1,False,2025-03-12 18:10:20.000,20,60000045,10000168,30022664,2147483647,
88.72,1337.0,82149,-1,2203392057,1337,1,False,2025-03-12 18:10:20.000,20,60000046,10000168,30022911,2147483647,
88.72,1337.0,82149,-1,2203392058,1337,1,False,2025-03-12 18:10:20.000,20,60000047,10000168,30022999,2147483647,
88.72,1337.0,82149,-1,2203392059,1337,1,False,2025-03-12 18:10:20.000,20,60000048,10000168,30023043,2147483647,
88.72,1337.0,82149,-1,2203392060,1337,1,False,2025-03-12 18:10:20.000,20,60000049,10000168,30023131,2147483647,
88.72,1337.0,82149,-1,2203392061,1337,1,False,2025-03-12 18:10:20.000,20,60000050,10000168,30023271,2147483647,
88.72,1337.0,82149,-1,2203392062,1337,1,False,2025-03-12 18:10:20.000,20,60000051,10000168,30023327,2147483647,
88.72,1337.0,82149,-1,2203392064,1337,1,False,2025-03-12 18:10:20.000,20,60000053,10000168,30023454,2147483647,
88.72,1337.0,82149,-1,2203392065,1337,1,False,2025-03-12 18:10:20.000,20,60000054,10000168,30023508,2147483647,
88.72,1337.0,82149,-1,2203392066,1337,1,False,2025-03-12 18:10:20.000,20,60000055,10000168,30023957,2147483647,
84.46,1337.0,82149,-1,2203392117,1337,1,True,2025-03-12 18:10:20.000,20,60000052,10000168,30023387,0,
84.46,1337.0,82149,-1,2203392067,1337,1,True,2025-03-12 18:10:20.000,20,60000002,10000168,30000004,2147483647,
84.46,1337.0,82149,-1,2203392068,1337,1,True,2025-03-12 18:10:20.000,20,60000003,10000168,30000005,2147483647,
84.46,1337.0,82149,-1,2203392069,1337,1,True,2025-03-12 18:10:20.000,20,60000004,10000168,30000008,2147483647,
84.46,1337.0,82149,-1,2203392070,1337,1,True,2025-03-12 18:10:20.000,20,60000005,10000168,30000009,2147483647,
84.46,1337.0,82149,-1,2203392071,1337,1,True,2025-03-12 18:10:20.000,20,60000006,10000168,30006132,2147483647,
84.46,1337.0,82149,-1,2203392072,1337,1,True,2025-03-12 18:10:20.000,20,60000007,10000168,30009450,2147483647,
84.46,1337.0,82149,-1,2203392073,1337,1,True,2025-03-12 18:10:20.000,20,60000008,10000168,30009604,2147483647,
84.46,1337.0,82149,-1,2203392074,1337,1,True,2025-03-12 18:10:20.000,20,60000009,10000168,30009748,2147483647,
84.46,1337.0,82149,-1,2203392075,1337,1,True,2025-03-12 18:10:20.000,20,60000010,10000168,30009827,2147483647,
84.46,1337.0,82149,-1,2203392076,1337,1,True,2025-03-12 18:10:20.000,20,60000011,10000168,30010058,2147483647,
84.46,1337.0,82149,-1,2203392077,1337,1,True,2025-03-12 18:10:20.000,20,60000012,10000168,30010447,2147483647,
84.46,1337.0,82149,-1,2203392078,1337,1,True,2025-03-12 18:10:20.000,20,60000013,10000168,30010597,2147483647,
84.46,1337.0,82149,-1,2203392079,1337,1,True,2025-03-12 18:10:20.000,20,60000014,10000168,30010690,2147483647,
84.46,1337.0,82149,-1,2203392080,1337,1,True,2025-03-12 18:10:20.000,20,60000015,10000168,30013484,2147483647,
84.46,1337.0,82149,-1,2203392081,1337,1,True,2025-03-12 18:10:20.000,20,60000016,10000168,30013685,2147483647,
84.46,1337.0,82149,-1,2203392082,1337,1,True,2025-03-12 18:10:20.000,20,60000017,10000168,30013774,2147483647,
84.46,1337.0,82149,-1,2203392083,1337,1,True,2025-03-12 18:10:20.000,20,60000018,10000168,30013856,2147483647,
84.46,1337.0,82149,-1,2203392084,1337,1,True,2025-03-12 18:10:20.000,20,60000019,10000168,30013927,2147483647,
84.46,1337.0,82149,-1,2203392085,1337,1,True,2025-03-12 18:10:20.000,20,60000020,10000168,30016541,2147483647,
84.46,1337.0,82149,-1,2203392086,1337,1,True,2025-03-12 18:10:20.000,20,60000021,10000168,30016963,2147483647,
84.46,1337.0,82149,-1,2203392087,1337,1,True,2025-03-12 18:10:20.000,20,60000022,10000168,30017132,2147483647,
84.46,1337.0,82149,-1,2203392088,1337,1,True,2025-03-12 18:10:20.000,20,60000023,10000168,30017403,2147483647,
84.46,1337.0,82149,-1,2203392089,1337,1,True,2025-03-12 18:10:20.000,20,60000024,10000168,30017452,2147483647,
84.46,1337.0,82149,-1,2203392090,1337,1,True,2025-03-12 18:10:20.000,20,60000025,10000168,30017637,2147483647,
84.46,1337.0,82149,-1,2203392091,1337,1,True,2025-03-12 18:10:20.000,20,60000026,10000168,30017723,2147483647,
84.46,1337.0,82149,-1,2203392092,1337,1,True,2025-03-12 18:10:20.000,20,60000027,10000168,30017995,2147483647,
84.46,1337.0,82149,-1,2203392093,1337,1,True,2025-03-12 18:10:20.000,20,60000028,10000168,30018105,2147483647,
84.46,1337.0,82149,-1,2203392094,1337,1,True,2025-03-12 18:10:20.000,20,60000029,10000168,30018231,2147483647,
84.46,1337.0,82149,-1,2203392095,1337,1,True,2025-03-12 18:10:20.000,20,60000030,10000168,30018358,2147483647,
84.46,1337.0,82149,-1,2203392096,1337,1,True,2025-03-12 18:10:20.000,20,60000031,10000168,30018774,2147483647,
84.46,1337.0,82149,-1,2203392097,1337,1,True,2025-03-12 18:10:20.000,20,60000032,10000168,30019914,2147483647,
84.46,1337.0,82149,-1,2203392098,1337,1,True,2025-03-12 18:10:20.000,20,60000033,10000168,30019945,2147483647,
84.46,1337.0,82149,-1,2203392099,1337,1,True,2025-03-12 18:10:20.000,20,60000034,10000168,30020072,2147483647,
84.46,1337.0,82149,-1,2203392100,1337,1,True,2025-03-12 18:10:20.000,20,60000035,10000168,30020288,2147483647,
84.46,1337.0,82149,-1,2203392101,1337,1,True,2025-03-12 18:10:20.000,20,60000036,10000168,30020505,2147483647,
84.46,1337.0,82149,-1,2203392102,1337,1,True,2025-03-12 18:10:20.000,20,60000037,10000168,30020628,2147483647,
84.46,1337.0,82149,-1,2203392103,1337,1,True,2025-03-12 18:10:20.000,20,60000038,10000168,30020720,2147483647,
84.46,1337.0,82149,-1,2203392104,1337,1,True,2025-03-12 18:10:20.000,20,60000039,10000168,30020805,2147483647,
84.46,1337.0,82149,-1,2203392105,1337,1,True,2025-03-12 18:10:20.000,20,60000040,10000168,30021042,2147483647,
84.46,1337.0,82149,-1,2203392106,1337,1,True,2025-03-12 18:10:20.000,20,60000041,10000168,30021148,2147483647,
84.46,1337.0,82149,-1,2203392107,1337,1,True,2025-03-12 18:10:20.000,20,60000042,10000168,30021558,2147483647,
84.46,1337.0,82149,-1,2203392108,1337,1,True,2025-03-12 18:10:20.000,20,60000043,10000168,30022001,2147483647,
84.46,1337.0,82149,-1,2203392109,1337,1,True,2025-03-12 18:10:20.000,20,60000044,10000168,30022226,2147483647,
84.46,1337.0,82149,-1,2203392110,1337,1,True,2025-03-12 18:10:20.000,20,60000045,10000168,30022664,2147483647,
84.46,1337.0,82149,-1,2203392111,1337,1,True,2025-03-12 18:10:20.000,20,60000046,10000168,30022911,2147483647,
84.46,1337.0,82149,-1,2203392112,1337,1,True,2025-03-12 18:10:20.000,20,60000047,10000168,30022999,2147483647,
84.46,1337.0,82149,-1,2203392113,1337,1,True,2025-03-12 18:10:20.000,20,60000048,10000168,30023043,2147483647,
84.46,1337.0,82149,-1,2203392114,1337,1,True,2025-03-12 18:10:20.000,20,60000049,10000168,30023131,2147483647,
84.46,1337.0,82149,-1,2203392115,1337,1,True,2025-03-12 18:10:20.000,20,60000050,10000168,30023271,2147483647,
84.46,1337.0,82149,-1,2203392116,1337,1,True,2025-03-12 18:10:20.000,20,60000051,10000168,30023327,2147483647,
84.46,1337.0,82149,-1,2203392118,1337,1,True,2025-03-12 18:10:20.000,20,60000053,10000168,30023454,2147483647,
84.46,1337.0,82149,-1,2203392119,1337,1,True,2025-03-12 18:10:20.000,20,60000054,10000168,30023508,2147483647,
84.46,1337.0,82149,-1,2203392120,1337,1,True,2025-03-12 18:10:20.000,20,60000055,10000168,30023957,2147483647,
