price,volRemaining,typeID,range,orderID,volEntered,minVolume,bid,issueDate,duration,stationID,regionID,solarSystemID,jumps,
151.06,1337.0,78451,-1,2203386868,1337,1,False,2025-03-12 18:09:21.000,20,60000052,10000168,30023387,0,
151.06,1337.0,78451,-1,2203386818,1337,1,False,2025-03-12 18:09:21.000,20,60000002,10000168,30000004,2147483647,
151.06,1337.0,78451,-1,2203386819,1337,1,False,2025-03-12 18:09:21.000,20,60000003,10000168,30000005,2147483647,
151.06,1337.0,78451,-1,2203386820,1337,1,False,2025-03-12 18:09:21.000,20,60000004,10000168,30000008,2147483647,
151.06,1337.0,78451,-1,2203386821,1337,1,False,2025-03-12 18:09:21.000,20,60000005,10000168,30000009,2147483647,
151.06,1337.0,78451,-1,2203386822,1337,1,False,2025-03-12 18:09:21.000,20,60000006,10000168,30006132,2147483647,
151.06,1337.0,78451,-1,2203386823,1337,1,False,2025-03-12 18:09:21.000,20,60000007,10000168,30009450,2147483647,
151.06,1337.0,78451,-1,2203386824,1337,1,False,2025-03-12 18:09:21.000,20,60000008,10000168,30009604,2147483647,
151.06,1337.0,78451,-1,2203386825,1337,1,False,2025-03-12 18:09:21.000,20,60000009,10000168,30009748,2147483647,
151.06,1337.0,78451,-1,2203386826,1337,1,False,2025-03-12 18:09:21.000,20,60000010,10000168,30009827,2147483647,
151.06,1337.0,78451,-1,2203386827,1337,1,False,2025-03-12 18:09:21.000,20,60000011,10000168,30010058,2147483647,
151.06,1337.0,78451,-1,2203386828,1337,1,False,2025-03-12 18:09:21.000,20,60000012,10000168,30010447,2147483647,
151.06,1337.0,78451,-1,2203386829,1337,1,False,2025-03-12 18:09:21.000,20,60000013,10000168,30010597,2147483647,
151.06,1337.0,78451,-1,2203386830,1337,1,False,2025-03-12 18:09:21.000,20,60000014,10000168,30010690,2147483647,
151.06,1337.0,78451,-1,2203386831,1337,1,False,2025-03-12 18:09:21.000,20,60000015,10000168,30013484,2147483647,
151.06,1337.0,78451,-1,2203386832,1337,1,False,2025-03-12 18:09:21.000,20,60000016,10000168,30013685,2147483647,
151.06,1337.0,78451,-1,2203386833,1337,1,False,2025-03-12 18:09:21.000,20,60000017,10000168,30013774,2147483647,
151.06,1337.0,78451,-1,2203386834,1337,1,False,2025-03-12 18:09:21.000,20,60000018,10000168,30013856,2147483647,
151.06,1337.0,78451,-1,2203386835,1337,1,False,2025-03-12 18:09:21.000,20,60000019,10000168,30013927,2147483647,
151.06,1337.0,78451,-1,2203386836,1337,1,False,2025-03-12 18:09:21.000,20,60000020,10000168,30016541,2147483647,
151.06,1337.0,78451,-1,2203386837,1337,1,False,2025-03-12 18:09:21.000,20,60000021,10000168,30016963,2147483647,
151.06,1337.0,78451,-1,2203386838,1337,1,False,2025-03-12 18:09:21.000,20,60000022,10000168,30017132,2147483647,
151.06,1337.0,78451,-1,2203386839,1337,1,False,2025-03-12 18:09:21.000,20,60000023,10000168,30017403,2147483647,
151.06,1337.0,78451,-1,2203386840,1337,1,False,2025-03-12 18:09:21.000,20,60000024,10000168,30017452,2147483647,
151.06,1337.0,78451,-1,2203386841,1337,1,False,2025-03-12 18:09:21.000,20,60000025,10000168,30017637,2147483647,
151.06,1337.0,78451,-1,2203386842,1337,1,False,2025-03-12 18:09:21.000,20,60000026,10000168,30017723,2147483647,
151.06,1337.0,78451,-1,2203386843,1337,1,False,2025-03-12 18:09:21.000,20,60000027,10000168,30017995,2147483647,
151.06,1337.0,78451,-1,2203386844,1337,1,False,2025-03-12 18:09:21.000,20,60000028,10000168,30018105,2147483647,
151.06,1337.0,78451,-1,2203386845,1337,1,False,2025-03-12 18:09:21.000,20,60000029,10000168,30018231,2147483647,
151.06,1337.0,78451,-1,2203386846,1337,1,False,2025-03-12 18:09:21.000,20,60000030,10000168,30018358,2147483647,
151.06,1337.0,78451,-1,2203386847,1337,1,False,2025-03-12 18:09:21.000,20,60000031,10000168,30018774,2147483647,
151.06,1337.0,78451,-1,2203386848,1337,1,False,2025-03-12 18:09:21.000,20,60000032,10000168,30019914,2147483647,
151.06,1337.0,78451,-1,2203386849,1337,1,False,2025-03-12 18:09:21.000,20,60000033,10000168,30019945,2147483647,
151.06,1337.0,78451,-1,2203386850,1337,1,False,2025-03-12 18:09:21.000,20,60000034,10000168,30020072,2147483647,
151.06,1337.0,78451,-1,2203386851,1337,1,False,2025-03-12 18:09:21.000,20,60000035,10000168,30020288,2147483647,
151.06,1337.0,78451,-1,2203386852,1337,1,False,2025-03-12 18:09:21.000,20,60000036,10000168,30020505,2147483647,
151.06,1337.0,78451,-1,2203386853,1337,1,False,2025-03-12 18:09:21.000,20,60000037,10000168,30020628,2147483647,
151.06,1337.0,78451,-1,2203386854,1337,1,False,2025-03-12 18:09:21.000,20,60000038,10000168,30020720,2147483647,
151.06,1337.0,78451,-1,2203386855,1337,1,False,2025-03-12 18:09:21.000,20,60000039,10000168,30020805,2147483647,
151.06,1337.0,78451,-1,2203386856,1337,1,False,2025-03-12 18:09:21.000,20,60000040,10000168,30021042,2147483647,
151.06,1337.0,78451,-1,2203386857,1337,1,False,2025-03-12 18:09:21.000,20,60000041,10000168,30021148,2147483647,
151.06,1337.0,78451,-1,2203386858,1337,1,False,2025-03-12 18:09:21.000,20,60000042,10000168,30021558,2147483647,
151.06,1337.0,78451,-1,2203386859,1337,1,False,2025-03-12 18:09:21.000,20,60000043,10000168,30022001,2147483647,
151.06,1337.0,78451,-1,2203386860,1337,1,False,2025-03-12 18:09:21.000,20,60000044,10000168,30022226,2147483647,
151.06,1337.0,78451,-1,2203386861,1337,1,False,2025-03-12 18:09:21.000,20,60000045,10000168,30022664,2147483647,
151.06,1337.0,78451,-1,2203386862,1337,1,False,2025-03-12 18:09:21.000,20,60000046,10000168,30022911,2147483647,
151.06,1337.0,78451,-1,2203386863,1337,1,False,2025-03-12 18:09:21.000,20,60000047,10000168,30022999,2147483647,
151.06,1337.0,78451,-1,2203386864,1337,1,False,2025-03-12 18:09:21.000,20,60000048,10000168,30023043,2147483647,
151.06,1337.0,78451,-1,2203386865,1337,1,False,2025-03-12 18:09:21.000,20,60000049,10000168,30023131,2147483647,
151.06,1337.0,78451,-1,2203386866,1337,1,False,2025-03-12 18:09:21.000,20,60000050,10000168,30023271,2147483647,
151.06,1337.0,78451,-1,2203386867,1337,1,False,2025-03-12 18:09:21.000,20,60000051,10000168,30023327,2147483647,
151.06,1337.0,78451,-1,2203386869,1337,1,False,2025-03-12 18:09:21.000,20,60000053,10000168,30023454,2147483647,
151.06,1337.0,78451,-1,2203386870,1337,1,False,2025-03-12 18:09:21.000,20,60000054,10000168,30023508,2147483647,
151.06,1337.0,78451,-1,2203386871,1337,1,False,2025-03-12 18:09:21.000,20,60000055,10000168,30023957,2147483647,
140.41,1337.0,78451,-1,2203386922,1337,1,True,2025-03-12 18:09:21.000,20,60000052,10000168,30023387,0,
140.41,1337.0,78451,-1,2203386872,1337,1,True,2025-03-12 18:09:21.000,20,60000002,10000168,30000004,2147483647,
140.41,1337.0,78451,-1,2203386873,1337,1,True,2025-03-12 18:09:21.000,20,60000003,10000168,30000005,2147483647,
140.41,1337.0,78451,-1,2203386874,1337,1,True,2025-03-12 18:09:21.000,20,60000004,10000168,30000008,2147483647,
140.41,1337.0,78451,-1,2203386875,1337,1,True,2025-03-12 18:09:21.000,20,60000005,10000168,30000009,2147483647,
140.41,1337.0,78451,-1,2203386876,1337,1,True,2025-03-12 18:09:21.000,20,60000006,10000168,30006132,2147483647,
140.41,1337.0,78451,-1,2203386877,1337,1,True,2025-03-12 18:09:21.000,20,60000007,10000168,30009450,2147483647,
140.41,1337.0,78451,-1,2203386878,1337,1,True,2025-03-12 18:09:21.000,20,60000008,10000168,30009604,2147483647,
140.41,1337.0,78451,-1,2203386879,1337,1,True,2025-03-12 18:09:21.000,20,60000009,10000168,30009748,2147483647,
140.41,1337.0,78451,-1,2203386880,1337,1,True,2025-03-12 18:09:21.000,20,60000010,10000168,30009827,2147483647,
140.41,1337.0,78451,-1,2203386881,1337,1,True,2025-03-12 18:09:21.000,20,60000011,10000168,30010058,2147483647,
140.41,1337.0,78451,-1,2203386882,1337,1,True,2025-03-12 18:09:21.000,20,60000012,10000168,30010447,2147483647,
140.41,1337.0,78451,-1,2203386883,1337,1,True,2025-03-12 18:09:21.000,20,60000013,10000168,30010597,2147483647,
140.41,1337.0,78451,-1,2203386884,1337,1,True,2025-03-12 18:09:21.000,20,60000014,10000168,30010690,2147483647,
140.41,1337.0,78451,-1,2203386885,1337,1,True,2025-03-12 18:09:21.000,20,60000015,10000168,30013484,2147483647,
140.41,1337.0,78451,-1,2203386886,1337,1,True,2025-03-12 18:09:21.000,20,60000016,10000168,30013685,2147483647,
140.41,1337.0,78451,-1,2203386887,1337,1,True,2025-03-12 18:09:21.000,20,60000017,10000168,30013774,2147483647,
140.41,1337.0,78451,-1,2203386888,1337,1,True,2025-03-12 18:09:21.000,20,60000018,10000168,30013856,2147483647,
140.41,1337.0,78451,-1,2203386889,1337,1,True,2025-03-12 18:09:21.000,20,60000019,10000168,30013927,2147483647,
140.41,1337.0,78451,-1,2203386890,1337,1,True,2025-03-12 18:09:21.000,20,60000020,10000168,30016541,2147483647,
140.41,1337.0,78451,-1,2203386891,1337,1,True,2025-03-12 18:09:21.000,20,60000021,10000168,30016963,2147483647,
140.41,1337.0,78451,-1,2203386892,1337,1,True,2025-03-12 18:09:21.000,20,60000022,10000168,30017132,2147483647,
140.41,1337.0,78451,-1,2203386893,1337,1,True,2025-03-12 18:09:21.000,20,60000023,10000168,30017403,2147483647,
140.41,1337.0,78451,-1,2203386894,1337,1,True,2025-03-12 18:09:21.000,20,60000024,10000168,30017452,2147483647,
140.41,1337.0,78451,-1,2203386895,1337,1,True,2025-03-12 18:09:21.000,20,60000025,10000168,30017637,2147483647,
140.41,1337.0,78451,-1,2203386896,1337,1,True,2025-03-12 18:09:21.000,20,60000026,10000168,30017723,2147483647,
140.41,1337.0,78451,-1,2203386897,1337,1,True,2025-03-12 18:09:21.000,20,60000027,10000168,30017995,2147483647,
140.41,1337.0,78451,-1,2203386898,1337,1,True,2025-03-12 18:09:21.000,20,60000028,10000168,30018105,2147483647,
140.41,1337.0,78451,-1,2203386899,1337,1,True,2025-03-12 18:09:21.000,20,60000029,10000168,30018231,2147483647,
140.41,1337.0,78451,-1,2203386900,1337,1,True,2025-03-12 18:09:21.000,20,60000030,10000168,30018358,2147483647,
140.41,1337.0,78451,-1,2203386901,1337,1,True,2025-03-12 18:09:21.000,20,60000031,10000168,30018774,2147483647,
140.41,1337.0,78451,-1,2203386902,1337,1,True,2025-03-12 18:09:21.000,20,60000032,10000168,30019914,2147483647,
140.41,1337.0,78451,-1,2203386903,1337,1,True,2025-03-12 18:09:21.000,20,60000033,10000168,30019945,2147483647,
140.41,1337.0,78451,-1,2203386904,1337,1,True,2025-03-12 18:09:21.000,20,60000034,10000168,30020072,2147483647,
140.41,1337.0,78451,-1,2203386905,1337,1,True,2025-03-12 18:09:21.000,20,60000035,10000168,30020288,2147483647,
140.41,1337.0,78451,-1,2203386906,1337,1,True,2025-03-12 18:09:21.000,20,60000036,10000168,30020505,2147483647,
140.41,1337.0,78451,-1,2203386907,1337,1,True,2025-03-12 18:09:21.000,20,60000037,10000168,30020628,2147483647,
140.41,1337.0,78451,-1,2203386908,1337,1,True,2025-03-12 18:09:21.000,20,60000038,10000168,30020720,2147483647,
140.41,1337.0,78451,-1,2203386909,1337,1,True,2025-03-12 18:09:21.000,20,60000039,10000168,30020805,2147483647,
140.41,1337.0,78451,-1,2203386910,1337,1,True,2025-03-12 18:09:21.000,20,60000040,10000168,30021042,2147483647,
140.41,1337.0,78451,-1,2203386911,1337,1,True,2025-03-12 18:09:21.000,20,60000041,10000168,30021148,2147483647,
140.41,1337.0,78451,-1,2203386912,1337,1,True,2025-03-12 18:09:21.000,20,60000042,10000168,30021558,2147483647,
140.41,1337.0,78451,-1,2203386913,1337,1,True,2025-03-12 18:09:21.000,20,60000043,10000168,30022001,2147483647,
140.41,1337.0,78451,-1,2203386914,1337,1,True,2025-03-12 18:09:21.000,20,60000044,10000168,30022226,2147483647,
140.41,1337.0,78451,-1,2203386915,1337,1,True,2025-03-12 18:09:21.000,20,60000045,10000168,30022664,2147483647,
140.41,1337.0,78451,-1,2203386916,1337,1,True,2025-03-12 18:09:21.000,20,60000046,10000168,30022911,2147483647,
140.41,1337.0,78451,-1,2203386917,1337,1,True,2025-03-12 18:09:21.000,20,60000047,10000168,30022999,2147483647,
140.41,1337.0,78451,-1,2203386918,1337,1,True,2025-03-12 18:09:21.000,20,60000048,10000168,30023043,2147483647,
140.41,1337.0,78451,-1,2203386919,1337,1,True,2025-03-12 18:09:21.000,20,60000049,10000168,30023131,2147483647,
140.41,1337.0,78451,-1,2203386920,1337,1,True,2025-03-12 18:09:21.000,20,60000050,10000168,30023271,2147483647,
140.41,1337.0,78451,-1,2203386921,1337,1,True,2025-03-12 18:09:21.000,20,60000051,10000168,30023327,2147483647,
140.41,1337.0,78451,-1,2203386923,1337,1,True,2025-03-12 18:09:21.000,20,60000053,10000168,30023454,2147483647,
140.41,1337.0,78451,-1,2203386924,1337,1,True,2025-03-12 18:09:21.000,20,60000054,10000168,30023508,2147483647,
140.41,1337.0,78451,-1,2203386925,1337,1,True,2025-03-12 18:09:21.000,20,60000055,10000168,30023957,2147483647,
