price,volRemaining,typeID,range,orderID,volEntered,minVolume,bid,issueDate,duration,stationID,regionID,solarSystemID,jumps,
5500.0,8.0,77852,32767,2203069890,10,1,False,2025-03-11 22:11:44.000,14,60000038,10000168,30020720,2147483647,
9326.0,1.0,77852,32767,2202638705,1,1,False,2025-03-10 20:06:51.000,90,60000041,10000168,30021148,2147483647,
9329.0,1.0,77852,32767,2203011132,1,1,False,2025-03-11 18:58:31.000,14,60000033,10000168,30019945,2147483647,
9339.0,1.0,77852,32767,2202568303,1,1,False,2025-03-10 15:49:07.000,7,60000041,10000168,30021148,2147483647,
9640.0,235.0,77852,32767,2203344576,235,1,False,2025-03-12 15:01:35.000,1,60000033,10000168,30019945,2147483647,
9723.0,1.0,77852,32767,2203086633,1,1,False,2025-03-11 22:45:06.000,7,60000033,10000168,30019945,2147483647,
24000.0,1.0,77852,32767,2202958382,3,1,False,2025-03-11 14:56:54.000,90,60000038,10000168,30020720,2147483647,
25000.0,25.0,77852,32767,2201824115,29,1,False,2025-03-09 01:29:48.000,90,60000038,10000168,30020720,2147483647,
25000.0,4.0,77852,32767,2201824286,4,1,False,2025-03-09 01:33:25.000,90,60000038,10000168,30020720,2147483647,
