price,volRemaining,typeID,range,orderID,volEntered,minVolume,bid,issueDate,duration,stationID,regionID,solarSystemID,jumps,
1.18,8022.0,78444,32767,2203475003,8022,1,False,2025-03-12 22:50:20.000,1,60000021,10000168,30016963,2147483647,
1.22,1337.0,78444,-1,2203458641,1337,1,False,2025-03-12 22:22:19.000,20,60000052,10000168,30023387,0,
1.22,1337.0,78444,-1,2203458591,1337,1,False,2025-03-12 22:22:19.000,20,60000002,10000168,30000004,2147483647,
1.22,1337.0,78444,-1,2203458592,1337,1,False,2025-03-12 22:22:19.000,20,60000003,10000168,30000005,2147483647,
1.22,1337.0,78444,-1,2203458593,1337,1,False,2025-03-12 22:22:19.000,20,60000004,10000168,30000008,2147483647,
1.22,1337.0,78444,-1,2203458594,1337,1,False,2025-03-12 22:22:19.000,20,60000005,10000168,30000009,2147483647,
1.22,1337.0,78444,-1,2203458595,1337,1,False,2025-03-12 22:22:19.000,20,60000006,10000168,30006132,2147483647,
1.22,1337.0,78444,-1,2203458596,1337,1,False,2025-03-12 22:22:19.000,20,60000007,10000168,30009450,2147483647,
1.22,1337.0,78444,-1,2203458597,1337,1,False,2025-03-12 22:22:19.000,20,60000008,10000168,30009604,2147483647,
1.22,1337.0,78444,-1,2203458598,1337,1,False,2025-03-12 22:22:19.000,20,60000009,10000168,30009748,2147483647,
1.22,1337.0,78444,-1,2203458599,1337,1,False,2025-03-12 22:22:19.000,20,60000010,10000168,30009827,2147483647,
1.22,1337.0,78444,-1,2203458600,1337,1,False,2025-03-12 22:22:19.000,20,60000011,10000168,30010058,2147483647,
1.22,1337.0,78444,-1,2203458601,1337,1,False,2025-03-12 22:22:19.000,20,60000012,10000168,30010447,2147483647,
1.22,1337.0,78444,-1,2203458602,1337,1,False,2025-03-12 22:22:19.000,20,60000013,10000168,30010597,2147483647,
1.22,1337.0,78444,-1,2203458603,1337,1,False,2025-03-12 22:22:19.000,20,60000014,10000168,30010690,2147483647,
1.22,1337.0,78444,-1,2203458604,1337,1,False,2025-03-12 22:22:19.000,20,60000015,10000168,30013484,2147483647,
1.22,1337.0,78444,-1,2203458605,1337,1,False,2025-03-12 22:22:19.000,20,60000016,10000168,30013685,2147483647,
1.22,1337.0,78444,-1,2203458606,1337,1,False,2025-03-12 22:22:19.000,20,60000017,10000168,30013774,2147483647,
1.22,1337.0,78444,-1,2203458607,1337,1,False,2025-03-12 22:22:19.000,20,60000018,10000168,30013856,2147483647,
1.22,1337.0,78444,-1,2203458608,1337,1,False,2025-03-12 22:22:19.000,20,60000019,10000168,30013927,2147483647,
1.22,1337.0,78444,-1,2203458609,1337,1,False,2025-03-12 22:22:19.000,20,60000020,10000168,30016541,2147483647,
1.22,1337.0,78444,-1,2203458610,1337,1,False,2025-03-12 22:22:19.000,20,60000021,10000168,30016963,2147483647,
1.22,1337.0,78444,-1,2203458611,1337,1,False,2025-03-12 22:22:19.000,20,60000022,10000168,30017132,2147483647,
1.22,1337.0,78444,-1,2203458612,1337,1,False,2025-03-12 22:22:19.000,20,60000023,10000168,30017403,2147483647,
1.22,1337.0,78444,-1,2203458613,1337,1,False,2025-03-12 22:22:19.000,20,60000024,10000168,30017452,2147483647,
1.22,1337.0,78444,-1,2203458614,1337,1,False,2025-03-12 22:22:19.000,20,60000025,10000168,30017637,2147483647,
1.22,1337.0,78444,-1,2203458615,1337,1,False,2025-03-12 22:22:19.000,20,60000026,10000168,30017723,2147483647,
1.22,1337.0,78444,-1,2203458616,1337,1,False,2025-03-12 22:22:19.000,20,60000027,10000168,30017995,2147483647,
1.22,1337.0,78444,-1,2203458617,1337,1,False,2025-03-12 22:22:19.000,20,60000028,10000168,30018105,2147483647,
1.22,1337.0,78444,-1,2203458618,1337,1,False,2025-03-12 22:22:19.000,20,60000029,10000168,30018231,2147483647,
1.22,1337.0,78444,-1,2203458619,1337,1,False,2025-03-12 22:22:19.000,20,60000030,10000168,30018358,2147483647,
1.22,1337.0,78444,-1,2203458620,1337,1,False,2025-03-12 22:22:19.000,20,60000031,10000168,30018774,2147483647,
1.22,1337.0,78444,-1,2203458621,1337,1,False,2025-03-12 22:22:19.000,20,60000032,10000168,30019914,2147483647,
1.22,1337.0,78444,-1,2203458622,1337,1,False,2025-03-12 22:22:19.000,20,60000033,10000168,30019945,2147483647,
1.22,1337.0,78444,-1,2203458623,1337,1,False,2025-03-12 22:22:19.000,20,60000034,10000168,30020072,2147483647,
1.22,1337.0,78444,-1,2203458624,1337,1,False,2025-03-12 22:22:19.000,20,60000035,10000168,30020288,2147483647,
1.22,1337.0,78444,-1,2203458625,1337,1,False,2025-03-12 22:22:19.000,20,60000036,10000168,30020505,2147483647,
1.22,1337.0,78444,-1,2203458626,1337,1,False,2025-03-12 22:22:19.000,20,60000037,10000168,30020628,2147483647,
1.22,1337.0,78444,-1,2203458627,1337,1,False,2025-03-12 22:22:19.000,20,60000038,10000168,30020720,2147483647,
1.22,1337.0,78444,-1,2203458628,1337,1,False,2025-03-12 22:22:19.000,20,60000039,10000168,30020805,2147483647,
1.22,1337.0,78444,-1,2203458629,1337,1,False,2025-03-12 22:22:19.000,20,60000040,10000168,30021042,2147483647,
1.22,1337.0,78444,-1,2203458630,1337,1,False,2025-03-12 22:22:19.000,20,60000041,10000168,30021148,2147483647,
1.22,1337.0,78444,-1,2203458631,1337,1,False,2025-03-12 22:22:19.000,20,60000042,10000168,30021558,2147483647,
1.22,1337.0,78444,-1,2203458632,1337,1,False,2025-03-12 22:22:19.000,20,60000043,10000168,30022001,2147483647,
1.22,1337.0,78444,-1,2203458633,1337,1,False,2025-03-12 22:22:19.000,20,60000044,10000168,30022226,2147483647,
1.22,1337.0,78444,-1,2203458634,1337,1,False,2025-03-12 22:22:19.000,20,60000045,10000168,30022664,2147483647,
1.22,1337.0,78444,-1,2203458635,1337,1,False,2025-03-12 22:22:19.000,20,60000046,10000168,30022911,2147483647,
1.22,1337.0,78444,-1,2203458636,1337,1,False,2025-03-12 22:22:19.000,20,60000047,10000168,30022999,2147483647,
1.22,1337.0,78444,-1,2203458637,1337,1,False,2025-03-12 22:22:19.000,20,60000048,10000168,30023043,2147483647,
1.22,1337.0,78444,-1,2203458638,1337,1,False,2025-03-12 22:22:19.000,20,60000049,10000168,30023131,2147483647,
1.22,1337.0,78444,-1,2203458639,1337,1,False,2025-03-12 22:22:19.000,20,60000050,10000168,30023271,2147483647,
1.22,1337.0,78444,-1,2203458640,1337,1,False,2025-03-12 22:22:19.000,20,60000051,10000168,30023327,2147483647,
1.22,1337.0,78444,-1,2203458642,1337,1,False,2025-03-12 22:22:19.000,20,60000053,10000168,30023454,2147483647,
1.22,1337.0,78444,-1,2203458643,1337,1,False,2025-03-12 22:22:19.000,20,60000054,10000168,30023508,2147483647,
1.22,1337.0,78444,-1,2203458644,1337,1,False,2025-03-12 22:22:19.000,20,60000055,10000168,30023957,2147483647,
10000.0,20.0,78444,32767,2201698060,20,1,False,2025-03-08 19:05:15.000,7,60000039,10000168,30020805,2147483647,
1.17,1337.0,78444,-1,2203458695,1337,1,True,2025-03-12 22:22:19.000,20,60000052,10000168,30023387,0,
1.17,1337.0,78444,-1,2203458645,1337,1,True,2025-03-12 22:22:19.000,20,60000002,10000168,30000004,2147483647,
1.17,1337.0,78444,-1,2203458646,1337,1,True,2025-03-12 22:22:19.000,20,60000003,10000168,30000005,2147483647,
1.17,1337.0,78444,-1,2203458647,1337,1,True,2025-03-12 22:22:19.000,20,60000004,10000168,30000008,2147483647,
1.17,1337.0,78444,-1,2203458648,1337,1,True,2025-03-12 22:22:19.000,20,60000005,10000168,30000009,2147483647,
1.17,1337.0,78444,-1,2203458649,1337,1,True,2025-03-12 22:22:19.000,20,60000006,10000168,30006132,2147483647,
1.17,1337.0,78444,-1,2203458650,1337,1,True,2025-03-12 22:22:19.000,20,60000007,10000168,30009450,2147483647,
1.17,1337.0,78444,-1,2203458651,1337,1,True,2025-03-12 22:22:19.000,20,60000008,10000168,30009604,2147483647,
1.17,1337.0,78444,-1,2203458652,1337,1,True,2025-03-12 22:22:19.000,20,60000009,10000168,30009748,2147483647,
1.17,1337.0,78444,-1,2203458653,1337,1,True,2025-03-12 22:22:19.000,20,60000010,10000168,30009827,2147483647,
1.17,1337.0,78444,-1,2203458654,1337,1,True,2025-03-12 22:22:19.000,20,60000011,10000168,30010058,2147483647,
1.17,1337.0,78444,-1,2203458655,1337,1,True,2025-03-12 22:22:19.000,20,60000012,10000168,30010447,2147483647,
1.17,1337.0,78444,-1,2203458656,1337,1,True,2025-03-12 22:22:19.000,20,60000013,10000168,30010597,2147483647,
1.17,1337.0,78444,-1,2203458657,1337,1,True,2025-03-12 22:22:19.000,20,60000014,10000168,30010690,2147483647,
1.17,1337.0,78444,-1,2203458658,1337,1,True,2025-03-12 22:22:19.000,20,60000015,10000168,30013484,2147483647,
1.17,1337.0,78444,-1,2203458659,1337,1,True,2025-03-12 22:22:19.000,20,60000016,10000168,30013685,2147483647,
1.17,1337.0,78444,-1,2203458660,1337,1,True,2025-03-12 22:22:19.000,20,60000017,10000168,30013774,2147483647,
1.17,1337.0,78444,-1,2203458661,1337,1,True,2025-03-12 22:22:19.000,20,60000018,10000168,30013856,2147483647,
1.17,1337.0,78444,-1,2203458662,1337,1,True,2025-03-12 22:22:19.000,20,60000019,10000168,30013927,2147483647,
1.17,1337.0,78444,-1,2203458663,1337,1,True,2025-03-12 22:22:19.000,20,60000020,10000168,30016541,2147483647,
1.17,1337.0,78444,-1,2203458664,1337,1,True,2025-03-12 22:22:19.000,20,60000021,10000168,30016963,2147483647,
1.17,1337.0,78444,-1,2203458665,1337,1,True,2025-03-12 22:22:19.000,20,60000022,10000168,30017132,2147483647,
1.17,1337.0,78444,-1,2203458666,1337,1,True,2025-03-12 22:22:19.000,20,60000023,10000168,30017403,2147483647,
1.17,1337.0,78444,-1,2203458667,1337,1,True,2025-03-12 22:22:19.000,20,60000024,10000168,30017452,2147483647,
1.17,1337.0,78444,-1,2203458668,1337,1,True,2025-03-12 22:22:19.000,20,60000025,10000168,30017637,2147483647,
1.17,1337.0,78444,-1,2203458669,1337,1,True,2025-03-12 22:22:19.000,20,60000026,10000168,30017723,2147483647,
1.17,1337.0,78444,-1,2203458670,1337,1,True,2025-03-12 22:22:19.000,20,60000027,10000168,30017995,2147483647,
1.17,1337.0,78444,-1,2203458671,1337,1,True,2025-03-12 22:22:19.000,20,60000028,10000168,30018105,2147483647,
1.17,1337.0,78444,-1,2203458672,1337,1,True,2025-03-12 22:22:19.000,20,60000029,10000168,30018231,2147483647,
1.17,1337.0,78444,-1,2203458673,1337,1,True,2025-03-12 22:22:19.000,20,60000030,10000168,30018358,2147483647,
1.17,1337.0,78444,-1,2203458674,1337,1,True,2025-03-12 22:22:19.000,20,60000031,10000168,30018774,2147483647,
1.17,1337.0,78444,-1,2203458675,1337,1,True,2025-03-12 22:22:19.000,20,60000032,10000168,30019914,2147483647,
1.17,1337.0,78444,-1,2203458676,1337,1,True,2025-03-12 22:22:19.000,20,60000033,10000168,30019945,2147483647,
1.17,1337.0,78444,-1,2203458677,1337,1,True,2025-03-12 22:22:19.000,20,60000034,10000168,30020072,2147483647,
1.17,1337.0,78444,-1,2203458678,1337,1,True,2025-03-12 22:22:19.000,20,60000035,10000168,30020288,2147483647,
1.17,1337.0,78444,-1,2203458679,1337,1,True,2025-03-12 22:22:19.000,20,60000036,10000168,30020505,2147483647,
1.17,1337.0,78444,-1,2203458680,1337,1,True,2025-03-12 22:22:19.000,20,60000037,10000168,30020628,2147483647,
1.17,1337.0,78444,-1,2203458681,1337,1,True,2025-03-12 22:22:19.000,20,60000038,10000168,30020720,2147483647,
1.17,1337.0,78444,-1,2203458682,1337,1,True,2025-03-12 22:22:19.000,20,60000039,10000168,30020805,2147483647,
1.17,1337.0,78444,-1,2203458683,1337,1,True,2025-03-12 22:22:19.000,20,60000040,10000168,30021042,2147483647,
1.17,1337.0,78444,-1,2203458684,1337,1,True,2025-03-12 22:22:19.000,20,60000041,10000168,30021148,2147483647,
1.17,1337.0,78444,-1,2203458685,1337,1,True,2025-03-12 22:22:19.000,20,60000042,10000168,30021558,2147483647,
1.17,1337.0,78444,-1,2203458686,1337,1,True,2025-03-12 22:22:19.000,20,60000043,10000168,30022001,2147483647,
1.17,1337.0,78444,-1,2203458687,1337,1,True,2025-03-12 22:22:19.000,20,60000044,10000168,30022226,2147483647,
1.17,1337.0,78444,-1,2203458688,1337,1,True,2025-03-12 22:22:19.000,20,60000045,10000168,30022664,2147483647,
1.17,1337.0,78444,-1,2203458689,1337,1,True,2025-03-12 22:22:19.000,20,60000046,10000168,30022911,2147483647,
1.17,1337.0,78444,-1,2203458690,1337,1,True,2025-03-12 22:22:19.000,20,60000047,10000168,30022999,2147483647,
1.17,1337.0,78444,-1,2203458691,1337,1,True,2025-03-12 22:22:19.000,20,60000048,10000168,30023043,2147483647,
1.17,1337.0,78444,-1,2203458692,1337,1,True,2025-03-12 22:22:19.000,20,60000049,10000168,30023131,2147483647,
1.17,1337.0,78444,-1,2203458693,1337,1,True,2025-03-12 22:22:19.000,20,60000050,10000168,30023271,2147483647,
1.17,1337.0,78444,-1,2203458694,1337,1,True,2025-03-12 22:22:19.000,20,60000051,10000168,30023327,2147483647,
1.17,1337.0,78444,-1,2203458696,1337,1,True,2025-03-12 22:22:19.000,20,60000053,10000168,30023454,2147483647,
1.17,1337.0,78444,-1,2203458697,1337,1,True,2025-03-12 22:22:19.000,20,60000054,10000168,30023508,2147483647,
1.17,1337.0,78444,-1,2203458698,1337,1,True,2025-03-12 22:22:19.000,20,60000055,10000168,30023957,2147483647,
