price,volRemaining,typeID,range,orderID,volEntered,minVolume,bid,issueDate,duration,stationID,regionID,solarSystemID,jumps,
121.62,1337.0,82141,-1,2203391520,1337,1,False,2025-03-12 18:10:13.000,20,60000052,10000168,30023387,0,
121.62,1337.0,82141,-1,2203391470,1337,1,False,2025-03-12 18:10:13.000,20,60000002,10000168,30000004,2147483647,
121.62,1337.0,82141,-1,2203391471,1337,1,False,2025-03-12 18:10:13.000,20,60000003,10000168,30000005,2147483647,
121.62,1337.0,82141,-1,2203391472,1337,1,False,2025-03-12 18:10:13.000,20,60000004,10000168,30000008,2147483647,
121.62,1337.0,82141,-1,2203391473,1337,1,False,2025-03-12 18:10:13.000,20,60000005,10000168,30000009,2147483647,
121.62,1337.0,82141,-1,2203391474,1337,1,False,2025-03-12 18:10:13.000,20,60000006,10000168,30006132,2147483647,
121.62,1337.0,82141,-1,2203391475,1337,1,False,2025-03-12 18:10:13.000,20,60000007,10000168,30009450,2147483647,
121.62,1337.0,82141,-1,2203391476,1337,1,False,2025-03-12 18:10:13.000,20,60000008,10000168,30009604,2147483647,
121.62,1337.0,82141,-1,2203391477,1337,1,False,2025-03-12 18:10:13.000,20,60000009,10000168,30009748,2147483647,
121.62,1337.0,82141,-1,2203391478,1337,1,False,2025-03-12 18:10:13.000,20,60000010,10000168,30009827,2147483647,
121.62,1337.0,82141,-1,2203391479,1337,1,False,2025-03-12 18:10:13.000,20,60000011,10000168,30010058,2147483647,
121.62,1337.0,82141,-1,2203391480,1337,1,False,2025-03-12 18:10:13.000,20,60000012,10000168,30010447,2147483647,
121.62,1337.0,82141,-1,2203391481,1337,1,False,2025-03-12 18:10:13.000,20,60000013,10000168,30010597,2147483647,
121.62,1337.0,82141,-1,2203391482,1337,1,False,2025-03-12 18:10:13.000,20,60000014,10000168,30010690,2147483647,
121.62,1337.0,82141,-1,2203391483,1337,1,False,2025-03-12 18:10:13.000,20,60000015,10000168,30013484,2147483647,
121.62,1337.0,82141,-1,2203391484,1337,1,False,2025-03-12 18:10:13.000,20,60000016,10000168,30013685,2147483647,
121.62,1337.0,82141,-1,2203391485,1337,1,False,2025-03-12 18:10:13.000,20,60000017,10000168,30013774,2147483647,
121.62,1337.0,82141,-1,2203391486,1337,1,False,2025-03-12 18:10:13.000,20,60000018,10000168,30013856,2147483647,
121.62,1337.0,82141,-1,2203391487,1337,1,False,2025-03-12 18:10:13.000,20,60000019,10000168,30013927,2147483647,
121.62,1337.0,82141,-1,2203391488,1337,1,False,2025-03-12 18:10:13.000,20,60000020,10000168,30016541,2147483647,
121.62,1337.0,82141,-1,2203391489,1337,1,False,2025-03-12 18:10:13.000,20,60000021,10000168,30016963,2147483647,
121.62,1337.0,82141,-1,2203391490,1337,1,False,2025-03-12 18:10:13.000,20,60000022,10000168,30017132,2147483647,
121.62,1337.0,82141,-1,2203391491,1337,1,False,2025-03-12 18:10:13.000,20,60000023,10000168,30017403,2147483647,
121.62,1337.0,82141,-1,2203391492,1337,1,False,2025-03-12 18:10:13.000,20,60000024,10000168,30017452,2147483647,
121.62,1337.0,82141,-1,2203391493,1337,1,False,2025-03-12 18:10:13.000,20,60000025,10000168,30017637,2147483647,
121.62,1337.0,82141,-1,2203391494,1337,1,False,2025-03-12 18:10:13.000,20,60000026,10000168,30017723,2147483647,
121.62,1337.0,82141,-1,2203391495,1337,1,False,2025-03-12 18:10:13.000,20,60000027,10000168,30017995,2147483647,
121.62,1337.0,82141,-1,2203391496,1337,1,False,2025-03-12 18:10:13.000,20,60000028,10000168,30018105,2147483647,
121.62,1337.0,82141,-1,2203391497,1337,1,False,2025-03-12 18:10:13.000,20,60000029,10000168,30018231,2147483647,
121.62,1337.0,82141,-1,2203391498,1337,1,False,2025-03-12 18:10:13.000,20,60000030,10000168,30018358,2147483647,
121.62,1337.0,82141,-1,2203391499,1337,1,False,2025-03-12 18:10:13.000,20,60000031,10000168,30018774,2147483647,
121.62,1337.0,82141,-1,2203391500,1337,1,False,2025-03-12 18:10:13.000,20,60000032,10000168,30019914,2147483647,
121.62,1337.0,82141,-1,2203391501,1337,1,False,2025-03-12 18:10:13.000,20,60000033,10000168,30019945,2147483647,
121.62,1337.0,82141,-1,2203391502,1337,1,False,2025-03-12 18:10:13.000,20,60000034,10000168,30020072,2147483647,
121.62,1337.0,82141,-1,2203391503,1337,1,False,2025-03-12 18:10:13.000,20,60000035,10000168,30020288,2147483647,
121.62,1337.0,82141,-1,2203391504,1337,1,False,2025-03-12 18:10:13.000,20,60000036,10000168,30020505,2147483647,
121.62,1337.0,82141,-1,2203391505,1337,1,False,2025-03-12 18:10:13.000,20,60000037,10000168,30020628,2147483647,
121.62,1337.0,82141,-1,2203391506,1337,1,False,2025-03-12 18:10:13.000,20,60000038,10000168,30020720,2147483647,
121.62,1337.0,82141,-1,2203391507,1337,1,False,2025-03-12 18:10:13.000,20,60000039,10000168,30020805,2147483647,
121.62,1337.0,82141,-1,2203391508,1337,1,False,2025-03-12 18:10:13.000,20,60000040,10000168,30021042,2147483647,
121.62,1337.0,82141,-1,2203391509,1337,1,False,2025-03-12 18:10:13.000,20,60000041,10000168,30021148,2147483647,
121.62,1337.0,82141,-1,2203391510,1337,1,False,2025-03-12 18:10:13.000,20,60000042,10000168,30021558,2147483647,
121.62,1337.0,82141,-1,2203391511,1337,1,False,2025-03-12 18:10:13.000,20,60000043,10000168,30022001,2147483647,
121.62,1337.0,82141,-1,2203391512,1337,1,False,2025-03-12 18:10:13.000,20,60000044,10000168,30022226,2147483647,
121.62,1337.0,82141,-1,2203391513,1337,1,False,2025-03-12 18:10:13.000,20,60000045,10000168,30022664,2147483647,
121.62,1337.0,82141,-1,2203391514,1337,1,False,2025-03-12 18:10:13.000,20,60000046,10000168,30022911,2147483647,
121.62,1337.0,82141,-1,2203391515,1337,1,False,2025-03-12 18:10:13.000,20,60000047,10000168,30022999,2147483647,
121.62,1337.0,82141,-1,2203391516,1337,1,False,2025-03-12 18:10:13.000,20,60000048,10000168,30023043,2147483647,
121.62,1337.0,82141,-1,2203391517,1337,1,False,2025-03-12 18:10:13.000,20,60000049,10000168,30023131,2147483647,
121.62,1337.0,82141,-1,2203391518,1337,1,False,2025-03-12 18:10:13.000,20,60000050,10000168,30023271,2147483647,
121.62,1337.0,82141,-1,2203391519,1337,1,False,2025-03-12 18:10:13.000,20,60000051,10000168,30023327,2147483647,
121.62,1337.0,82141,-1,2203391521,1337,1,False,2025-03-12 18:10:13.000,20,60000053,10000168,30023454,2147483647,
121.62,1337.0,82141,-1,2203391522,1337,1,False,2025-03-12 18:10:13.000,20,60000054,10000168,30023508,2147483647,
121.62,1337.0,82141,-1,2203391523,1337,1,False,2025-03-12 18:10:13.000,20,60000055,10000168,30023957,2147483647,
117.35,1337.0,82141,-1,2203391574,1337,1,True,2025-03-12 18:10:13.000,20,60000052,10000168,30023387,0,
117.35,1337.0,82141,-1,2203391524,1337,1,True,2025-03-12 18:10:13.000,20,60000002,10000168,30000004,2147483647,
117.35,1337.0,82141,-1,2203391525,1337,1,True,2025-03-12 18:10:13.000,20,60000003,10000168,30000005,2147483647,
117.35,1337.0,82141,-1,2203391526,1337,1,True,2025-03-12 18:10:13.000,20,60000004,10000168,30000008,2147483647,
117.35,1337.0,82141,-1,2203391527,1337,1,True,2025-03-12 18:10:13.000,20,60000005,10000168,30000009,2147483647,
117.35,1337.0,82141,-1,2203391528,1337,1,True,2025-03-12 18:10:13.000,20,60000006,10000168,30006132,2147483647,
117.35,1337.0,82141,-1,2203391529,1337,1,True,2025-03-12 18:10:13.000,20,60000007,10000168,30009450,2147483647,
117.35,1337.0,82141,-1,2203391530,1337,1,True,2025-03-12 18:10:13.000,20,60000008,10000168,30009604,2147483647,
117.35,1337.0,82141,-1,2203391531,1337,1,True,2025-03-12 18:10:13.000,20,60000009,10000168,30009748,2147483647,
117.35,1337.0,82141,-1,2203391532,1337,1,True,2025-03-12 18:10:13.000,20,60000010,10000168,30009827,2147483647,
117.35,1337.0,82141,-1,2203391533,1337,1,True,2025-03-12 18:10:13.000,20,60000011,10000168,30010058,2147483647,
117.35,1337.0,82141,-1,2203391534,1337,1,True,2025-03-12 18:10:13.000,20,60000012,10000168,30010447,2147483647,
117.35,1337.0,82141,-1,2203391535,1337,1,True,2025-03-12 18:10:13.000,20,60000013,10000168,30010597,2147483647,
117.35,1337.0,82141,-1,2203391536,1337,1,True,2025-03-12 18:10:13.000,20,60000014,10000168,30010690,2147483647,
117.35,1337.0,82141,-1,2203391537,1337,1,True,2025-03-12 18:10:13.000,20,60000015,10000168,30013484,2147483647,
117.35,1337.0,82141,-1,2203391538,1337,1,True,2025-03-12 18:10:13.000,20,60000016,10000168,30013685,2147483647,
117.35,1337.0,82141,-1,2203391539,1337,1,True,2025-03-12 18:10:13.000,20,60000017,10000168,30013774,2147483647,
117.35,1337.0,82141,-1,2203391540,1337,1,True,2025-03-12 18:10:13.000,20,60000018,10000168,30013856,2147483647,
117.35,1337.0,82141,-1,2203391541,1337,1,True,2025-03-12 18:10:13.000,20,60000019,10000168,30013927,2147483647,
117.35,1337.0,82141,-1,2203391542,1337,1,True,2025-03-12 18:10:13.000,20,60000020,10000168,30016541,2147483647,
117.35,1337.0,82141,-1,2203391543,1337,1,True,2025-03-12 18:10:13.000,20,60000021,10000168,30016963,2147483647,
117.35,1337.0,82141,-1,2203391544,1337,1,True,2025-03-12 18:10:13.000,20,60000022,10000168,30017132,2147483647,
117.35,1337.0,82141,-1,2203391545,1337,1,True,2025-03-12 18:10:13.000,20,60000023,10000168,30017403,2147483647,
117.35,1337.0,82141,-1,2203391546,1337,1,True,2025-03-12 18:10:13.000,20,60000024,10000168,30017452,2147483647,
117.35,1337.0,82141,-1,2203391547,1337,1,True,2025-03-12 18:10:13.000,20,60000025,10000168,30017637,2147483647,
117.35,1337.0,82141,-1,2203391548,1337,1,True,2025-03-12 18:10:13.000,20,60000026,10000168,30017723,2147483647,
117.35,1337.0,82141,-1,2203391549,1337,1,True,2025-03-12 18:10:13.000,20,60000027,10000168,30017995,2147483647,
117.35,1337.0,82141,-1,2203391550,1337,1,True,2025-03-12 18:10:13.000,20,60000028,10000168,30018105,2147483647,
117.35,1337.0,82141,-1,2203391551,1337,1,True,2025-03-12 18:10:13.000,20,60000029,10000168,30018231,2147483647,
117.35,1337.0,82141,-1,2203391552,1337,1,True,2025-03-12 18:10:13.000,20,60000030,10000168,30018358,2147483647,
117.35,1337.0,82141,-1,2203391553,1337,1,True,2025-03-12 18:10:13.000,20,60000031,10000168,30018774,2147483647,
117.35,1337.0,82141,-1,2203391554,1337,1,True,2025-03-12 18:10:13.000,20,60000032,10000168,30019914,2147483647,
117.35,1337.0,82141,-1,2203391555,1337,1,True,2025-03-12 18:10:13.000,20,60000033,10000168,30019945,2147483647,
117.35,1337.0,82141,-1,2203391556,1337,1,True,2025-03-12 18:10:13.000,20,60000034,10000168,30020072,2147483647,
117.35,1337.0,82141,-1,2203391557,1337,1,True,2025-03-12 18:10:13.000,20,60000035,10000168,30020288,2147483647,
117.35,1337.0,82141,-1,2203391558,1337,1,True,2025-03-12 18:10:13.000,20,60000036,10000168,30020505,2147483647,
117.35,1337.0,82141,-1,2203391559,1337,1,True,2025-03-12 18:10:13.000,20,60000037,10000168,30020628,2147483647,
117.35,1337.0,82141,-1,2203391560,1337,1,True,2025-03-12 18:10:13.000,20,60000038,10000168,30020720,2147483647,
117.35,1337.0,82141,-1,2203391561,1337,1,True,2025-03-12 18:10:13.000,20,60000039,10000168,30020805,2147483647,
117.35,1337.0,82141,-1,2203391562,1337,1,True,2025-03-12 18:10:13.000,20,60000040,10000168,30021042,2147483647,
117.35,1337.0,82141,-1,2203391563,1337,1,True,2025-03-12 18:10:13.000,20,60000041,10000168,30021148,2147483647,
117.35,1337.0,82141,-1,2203391564,1337,1,True,2025-03-12 18:10:13.000,20,60000042,10000168,30021558,2147483647,
117.35,1337.0,82141,-1,2203391565,1337,1,True,2025-03-12 18:10:13.000,20,60000043,10000168,30022001,2147483647,
117.35,1337.0,82141,-1,2203391566,1337,1,True,2025-03-12 18:10:13.000,20,60000044,10000168,30022226,2147483647,
117.35,1337.0,82141,-1,2203391567,1337,1,True,2025-03-12 18:10:13.000,20,60000045,10000168,30022664,2147483647,
117.35,1337.0,82141,-1,2203391568,1337,1,True,2025-03-12 18:10:13.000,20,60000046,10000168,30022911,2147483647,
117.35,1337.0,82141,-1,2203391569,1337,1,True,2025-03-12 18:10:13.000,20,60000047,10000168,30022999,2147483647,
117.35,1337.0,82141,-1,2203391570,1337,1,True,2025-03-12 18:10:13.000,20,60000048,10000168,30023043,2147483647,
117.35,1337.0,82141,-1,2203391571,1337,1,True,2025-03-12 18:10:13.000,20,60000049,10000168,30023131,2147483647,
117.35,1337.0,82141,-1,2203391572,1337,1,True,2025-03-12 18:10:13.000,20,60000050,10000168,30023271,2147483647,
117.35,1337.0,82141,-1,2203391573,1337,1,True,2025-03-12 18:10:13.000,20,60000051,10000168,30023327,2147483647,
117.35,1337.0,82141,-1,2203391575,1337,1,True,2025-03-12 18:10:13.000,20,60000053,10000168,30023454,2147483647,
117.35,1337.0,82141,-1,2203391576,1337,1,True,2025-03-12 18:10:13.000,20,60000054,10000168,30023508,2147483647,
117.35,1337.0,82141,-1,2203391577,1337,1,True,2025-03-12 18:10:13.000,20,60000055,10000168,30023957,2147483647,
